
This is mm_MPC, an interior point solver for nonlinear programming generated by FORCES PRO v3.0.1.
Problem size: 400 variables, 210 equality and 2220 constraints in 20 stage(s)
(c) embotech AG, Zurich, Switzerland, 2013-2020. All rights reserved. Email: info@embotech.com

  It.   objective   res_stat   res_eq   res_ineq   rsnorm   rcompnorm     barrier    step_p  step_d  lsit  dw       dc     skips
  ---------------------------------------------------------------------------------------------------------------------------------
    0  +2.0000e+06  2.00e+07  3.76e-01  0.00e+00  2.00e+07  2.69e+02    1.0e-01 (A)  0.0000  0.0000   1  1.6e-05  1.6e-05    0
    1  +1.1298e+05  1.99e+07  3.76e-01  3.81e-05  1.99e+07  2.69e+02    6.0e+01 (A)  0.0000  0.0000   1  4.6e-05  4.6e-05    0
    2  +1.1172e+05  1.97e+07  3.73e-01  1.19e-01  1.97e+07  2.68e+02    6.0e+01 (A)  0.0081  0.0062   1  3.6e-05  3.6e-05    1
    3  +1.0484e+05  1.91e+07  3.60e-01  1.23e+00  1.91e+07  2.44e+02    6.0e+01 (A)  0.0337  1.0000   1  3.1e-05  3.1e-05    0
    4  +2.2347e+04  8.60e+06  1.63e-01  7.90e-01  8.60e+06  1.57e+02    4.7e+01 (A)  0.5487  0.4430   1  2.8e-05  2.8e-05    0
    5  +1.0513e+04  5.19e+06  9.86e-02  8.89e-01  5.19e+06  9.04e+01    4.2e+01 (A)  0.3965  0.5338   1  1.4e-05  1.4e-05    0
    6  +5.2258e+03  2.04e+06  4.34e-02  4.78e-01  2.04e+06  5.10e+01    3.7e+01 (A)  0.6056  1.0000   1  8.6e-06  8.6e-06    0
    7  +1.8322e+03  1.12e+05  1.26e-02  5.05e-02  1.12e+05  2.31e+01    1.3e+01 (A)  1.0000  0.7408   1  4.2e-06  4.2e-06    0
    8  +7.5985e+02  9.17e+04  4.61e-02  1.26e-01  9.17e+04  1.42e+01    6.0e+00 (A)  1.0000  0.5132   1  1.5e-06  1.5e-06    0
    9  +8.8134e+02  3.28e+04  4.93e-03  4.90e-02  3.28e+04  1.12e+01    9.5e+00 (A)  1.0000  1.0000   1  4.1e-06  4.1e-06    0
   10  +1.3720e+02  1.07e+05  1.45e-02  1.19e-01  1.07e+05  6.56e+00    1.1e-04 (A)  0.8005  0.3559   1  3.2e-08  3.2e-08    0
   11  +2.9830e+02  4.13e+04  1.24e-02  7.42e-02  4.13e+04  6.37e+00    4.7e+00 (A)  1.0000  0.3506   1  1.5e-06  1.5e-06    0
   12  +3.9936e+02  1.12e+04  9.00e-04  1.36e-02  1.12e+04  6.38e+00    4.4e+00 (A)  1.0000  1.0000   1  1.3e-06  1.3e-06    0
   13  +6.3107e+01  4.91e+04  3.80e-03  4.41e-02  4.91e+04  2.27e+00    4.9e-06 (A)  1.0000  0.5024   1  3.4e-09  3.4e-09    0
   14  +1.0480e+02  2.07e+04  7.99e-04  1.57e-01  2.07e+04  3.03e+00    1.7e+00 (A)  1.0000  0.5729   1  4.8e-07  4.8e-07    0
   15  +1.1573e+02  1.62e+04  5.96e-04  6.07e-02  1.62e+04  1.78e+00    1.5e+00 (M)  1.0000  1.0000   1  1.4e-07  1.4e-07    0
   16  +7.5062e+01  9.72e+03  1.34e-04  6.24e-03  9.72e+03  1.24e+00    1.2e+00 (M)  1.0000  1.0000   1  1.1e-07  1.1e-07    0
   17  +1.5910e+01  1.51e+04  1.15e-03  3.48e-02  1.51e+04  4.54e-01    2.0e-07 (A)  1.0000  0.6785   1  1.2e-09  1.2e-09    0
   18  +1.8918e+01  4.74e+03  8.88e-04  8.09e-03  4.74e+03  3.42e-01    3.2e-01 (A)  1.0000  1.0000   1  1.7e-07  1.7e-07    1
   19  +6.9330e+00  9.16e+03  1.78e-04  7.11e-03  9.16e+03  9.87e-02    2.0e-07 (A)  0.9549  0.8062   1  1.2e-09  1.2e-09    0
   20  +6.3747e+00  5.30e+03  2.54e-04  2.57e-03  5.30e+03  6.96e-02    5.0e-02 (A)  1.0000  0.5937   1  3.8e-08  3.8e-08    0
   21  +6.0324e+00  9.00e+03  2.64e-05  7.32e-04  9.00e+03  6.23e-02    4.4e-02 (A)  1.0000  1.0000   1  4.9e-08  4.9e-08    0
   22  +4.2173e+00  1.31e+04  2.29e-04  2.36e-03  1.31e+04  2.05e-02    1.8e-06 (A)  0.9275  0.5528   1  1.9e-09  1.9e-09    1
   23  +4.3377e+00  1.21e+04  6.60e-05  1.70e-03  1.21e+04  2.25e-02    1.6e-02 (A)  1.0000  1.0000   1  4.4e-08  4.4e-08    0
   24  +3.7248e+00  6.85e+03  2.33e-04  2.32e-03  6.85e+03  6.25e-03    4.8e-06 (A)  0.8696  0.6685   1  2.9e-09  2.9e-09    0
   25  +3.7173e+00  2.72e+03  3.70e-05  1.45e-03  2.72e+03  5.95e-03    4.1e-03 (A)  1.0000  1.0000   1  4.4e-08  4.4e-08    0
   26  +3.5907e+00  2.06e+03  1.28e-05  7.44e-04  2.06e+03  2.18e-03    2.7e-05 (A)  0.6680  0.9672   1  8.5e-09  8.5e-09    0
   27  +3.5361e+00  1.82e+03  3.92e-06  2.62e-04  1.82e+03  6.18e-04    1.6e-04 (A)  0.7980  1.0000   1  5.1e-09  5.1e-09    0
   28  +3.5196e+00  2.62e+03  1.51e-06  7.78e-05  2.62e+03  2.07e-04    1.3e-04 (A)  1.0000  1.0000   1  2.6e-09  2.6e-09    0
   29  +3.5139e+00  2.72e+03  1.36e-06  4.30e-05  2.72e+03  7.26e-05    2.0e-07 (A)  0.6944  0.9793   1  1.1e-09  1.1e-09    0
   30  +3.5095e+00  2.69e+03  1.36e-06  4.33e-05  2.69e+03  2.86e-05    3.0e-06 (A)  0.6951  0.8675   1  1.7e-09  1.7e-09    0
   31  +3.5057e+00  2.41e+03  1.55e-06  1.11e-04  2.41e+03  8.53e-06    2.6e-06 (A)  0.9849  1.0000   1  1.6e-09  1.6e-09    0
   32  +3.5047e+00  2.17e+03  1.37e-06  3.46e-05  2.17e+03  3.19e-06    2.1e-06 (A)  0.9917  1.0000   1  1.7e-09  1.7e-09    0
   33  +3.5027e+00  1.93e+03  1.37e-06  7.90e-05  1.93e+03  1.96e-06    1.7e-06 (A)  0.9385  0.8859   1  1.6e-09  1.6e-09    0
   34  +3.4998e+00  1.71e+03  1.67e-06  9.24e-05  1.71e+03  1.83e-05    1.4e-06 (A)  1.0000  1.0000   1  1.6e-09  1.6e-09    0
   35  +3.4970e+00  1.54e+03  1.43e-06  1.14e-04  1.54e+03  1.27e-06    2.0e-07 (A)  0.7115  0.4452   1  1.1e-09  1.1e-09    0
   36  +3.4928e+00  8.27e+02  2.27e-06  6.91e-04  8.27e+02  1.05e-06    6.8e-07 (A)  1.0000  1.0000   1  1.4e-09  1.4e-09    0
   37  +3.4917e+00  7.34e+02  1.37e-06  3.68e-04  7.34e+02  7.19e-07    2.0e-07 (A)  0.6120  0.3598   1  1.1e-09  1.1e-09    0
   38  +3.4895e+00  4.52e+02  5.14e-06  3.92e-04  4.52e+02  2.95e-04    4.1e-07 (A)  1.0000  0.6497   1  1.2e-09  1.2e-09    1
   39  +3.4885e+00  1.39e+02  2.16e-06  4.28e-05  1.39e+02  7.22e-05    4.6e-07 (A)  1.0000  1.0000   1  1.3e-09  1.3e-09    2
   40  +3.4872e+00  1.51e+02  2.55e-06  1.68e-04  1.51e+02  2.97e-05    2.0e-07 (A)  1.0000  0.5686   1  1.1e-09  1.1e-09    0
   41  +3.4869e+00  1.12e+02  4.19e-07  5.66e-05  1.12e+02  3.96e-06    2.6e-07 (A)  1.0000  0.9470   1  1.2e-09  1.2e-09    0
   42  +3.4866e+00  9.24e+01  3.20e-07  4.05e-05  9.24e+01  1.41e-06    2.1e-07 (A)  0.5029  1.0000   1  1.1e-09  1.1e-09    0
   43  +3.4862e+00  5.38e+01  4.95e-07  4.26e-05  5.38e+01  5.43e-07    2.0e-07 (A)  1.0000  1.0000   1  1.1e-09  1.1e-09    0
   44  +3.4862e+00  4.66e+01  4.58e-08  4.62e-06  4.66e+01  2.36e-07    2.0e-07 (A)  1.0000  1.0000   1  1.1e-09  1.1e-09    0
   45  +3.4861e+00  4.77e+01  6.29e-08  7.05e-06  4.77e+01  2.00e-07    2.0e-07 (A)  1.0000  1.0000   1  1.0e-09  1.0e-09    0
   46  +3.4860e+00  4.46e+01  9.99e-09  3.27e-06  4.46e+01  2.56e-07    2.0e-07 (A)  1.0000  1.0000   1  1.0e-09  1.0e-09    0
   47  +3.4860e+00  2.17e+01  9.99e-09  1.88e-06  2.17e+01  2.00e-07    2.0e-07 (A)  1.0000  1.0000   1  1.0e-09  1.0e-09    0
   48  +3.4860e+00  1.43e+01  9.99e-09  4.41e-07  1.43e+01  2.01e-07    2.0e-07 (A)  1.0000  1.0000   1  1.0e-09  1.0e-09    0
   49  +3.4860e+00  8.84e+00  9.99e-09  5.22e-07  8.84e+00  2.01e-07    2.0e-07 (M)  1.0000  1.0000   1  1.0e-09  1.0e-09    0
   50  +3.4860e+00  7.25e+00  9.99e-09  1.86e-07  7.25e+00  2.00e-07    2.0e-07 (A)  1.0000  1.0000   1  1.0e-09  1.0e-09    0
   51  +3.4860e+00  7.09e+00  9.99e-09  1.21e-07  7.09e+00  2.00e-07    2.0e-07 (M)  1.0000  1.0000   1  1.0e-09  1.0e-09    0
   52  +3.4860e+00  4.58e+00  9.99e-09  7.87e-08  4.58e+00  2.00e-07    2.0e-07 (M)  1.0000  1.0000   1  1.0e-09  1.0e-09    0
   53  +3.4860e+00  2.37e+00  9.99e-09  2.98e-08  2.37e+00  2.00e-07    2.0e-07 (M)  1.0000  1.0000   1  1.0e-09  1.0e-09    0
   54  +3.4860e+00  1.59e+00  9.99e-09  2.12e-08  1.59e+00  2.00e-07    2.0e-07 (M)  1.0000  1.0000   1  1.0e-09  1.0e-09    0
   55  +3.4860e+00  1.36e+00  9.99e-09  1.09e-08  1.36e+00  2.00e-07    2.0e-07 (M)  1.0000  1.0000   1  1.0e-09  1.0e-09    0
   56  +3.4860e+00  1.12e+00  9.99e-09  3.24e-09  1.12e+00  2.00e-07    2.0e-07 (M)  1.0000  1.0000   1  1.0e-09  1.0e-09    0
   57  +3.4860e+00  9.84e-01  9.99e-09  2.77e-09  9.84e-01  2.00e-07    2.0e-07 (M)  1.0000  1.0000   1  1.0e-09  1.0e-09    1
   58  +3.4860e+00  4.88e-01  9.99e-09  5.59e-09  4.88e-01  2.00e-07    2.0e-07 (M)  1.0000  1.0000   1  1.0e-09  1.0e-09    2
   59  +3.4860e+00  4.13e-01  9.99e-09  4.65e-09  4.13e-01  2.00e-07    2.0e-07 (A)  1.0000  1.0000   1  1.0e-09  1.0e-09    0
   60  +3.4860e+00  2.88e-01  9.99e-09  8.43e-09  2.88e-01  2.00e-07    2.0e-07 (M)  1.0000  1.0000   1  1.0e-09  1.0e-09    0
   61  +3.4860e+00  1.15e-01  9.99e-09  6.31e-09  1.15e-01  2.00e-07    2.0e-07 (M)  1.0000  1.0000   1  1.0e-09  1.0e-09    0
   62  +3.4860e+00  1.96e-01  9.99e-09  1.08e-09  1.96e-01  2.00e-07    2.0e-07 (A)  1.0000  1.0000   1  1.0e-09  1.0e-09    0
   63  +3.4860e+00  3.14e-01  9.99e-09  2.30e-10  3.14e-01  2.00e-07    2.0e-07 (M)  1.0000  1.0000   1  1.0e-09  1.0e-09    0
   64  +3.4860e+00  2.66e-01  9.99e-09  9.67e-11  2.66e-01  2.00e-07    2.0e-07 (M)  1.0000  1.0000   1  1.0e-09  1.0e-09    0
   65  +3.4860e+00  1.10e-01  9.99e-09  7.83e-11  1.10e-01  2.00e-07    2.0e-07 (M)  1.0000  1.0000   1  1.0e-09  1.0e-09    0
   66  +3.4860e+00  3.64e-02  9.99e-09  2.91e-11  3.64e-02  2.00e-07    2.0e-07 (M)  1.0000  1.0000   1  1.0e-09  1.0e-09    0
   67  +3.4860e+00  1.47e-02  9.99e-09  9.89e-12  1.47e-02  2.00e-07    2.0e-07 (A)  1.0000  1.0000   1  1.0e-09  1.0e-09    0
   68  +3.4860e+00  1.19e-02  9.99e-09  2.15e-12  1.19e-02  2.00e-07    2.0e-07 (M)  1.0000  1.0000   1  1.0e-09  1.0e-09    0
   69  +3.4860e+00  6.85e-03  9.99e-09  6.82e-13  6.85e-03  2.00e-07    2.0e-07 (M)  1.0000  1.0000   1  1.0e-09  1.0e-09    0
   70  +3.4860e+00  2.57e-03  9.99e-09  1.71e-13  2.57e-03  2.00e-07    2.0e-07 (M)  1.0000  1.0000   1  1.0e-09  1.0e-09    0
   71  +3.4860e+00  2.37e-03  9.99e-09  1.14e-13  2.37e-03  2.00e-07    2.0e-07 (A)  1.0000  1.0000   1  1.0e-09  1.0e-09    0
   72  +3.4860e+00  1.85e-03  9.99e-09  1.14e-13  1.85e-03  2.00e-07    2.0e-07 (M)  1.0000  1.0000   1  1.0e-09  1.0e-09    0
   73  +3.4860e+00  1.18e-03  9.99e-09  1.14e-13  1.18e-03  2.00e-07    2.0e-07 (M)  1.0000  1.0000   1  1.0e-09  1.0e-09    0
   74  +3.4860e+00  5.87e-04  9.99e-09  1.14e-13  5.87e-04  2.00e-07    2.0e-07 (A)  1.0000  1.0000   1  1.0e-09  1.0e-09    0
   75  +3.4860e+00  3.29e-04  9.99e-09  5.68e-14  3.29e-04  2.00e-07    2.0e-07 (M)  1.0000  1.0000   1  1.0e-09  1.0e-09    0
   76  +3.4860e+00  2.55e-04  9.99e-09  1.14e-13  2.55e-04  2.00e-07    2.0e-07 (M)  1.0000  1.0000   1  1.0e-09  1.0e-09    1
   77  +3.4860e+00  2.12e-04  9.99e-09  1.14e-13  2.12e-04  2.00e-07    2.0e-07 (M)  1.0000  1.0000   1  1.0e-09  1.0e-09    0
   78  +3.4860e+00  1.81e-04  9.99e-09  1.14e-13  1.81e-04  2.00e-07    2.0e-07 (M)  1.0000  1.0000   1  1.0e-09  1.0e-09    0
   79  +3.4860e+00  2.22e-04  9.99e-09  1.14e-13  2.22e-04  2.00e-07    2.0e-07 (M)  1.0000  1.0000   1  1.0e-09  1.0e-09    1
   80  +3.4860e+00  2.61e-04  9.99e-09  1.14e-13  2.61e-04  2.00e-07    2.0e-07 (M)  1.0000  1.0000   1  1.0e-09  1.0e-09    2
   81  +3.4860e+00  2.98e-04  9.99e-09  5.68e-14  2.98e-04  2.00e-07    2.0e-07 (M)  1.0000  1.0000   1  1.0e-09  1.0e-09    0
   82  +3.4860e+00  3.32e-04  9.99e-09  1.14e-13  3.32e-04  2.00e-07    2.0e-07 (M)  1.0000  1.0000   1  1.0e-09  1.0e-09    0
   83  +3.4860e+00  3.64e-04  9.99e-09  1.71e-13  3.64e-04  2.00e-07    2.0e-07 (M)  1.0000  1.0000   1  1.0e-09  1.0e-09    1
   84  +3.4860e+00  3.90e-04  9.99e-09  1.67e-13  3.90e-04  2.00e-07    2.0e-07 (M)  1.0000  1.0000   1  1.0e-09  1.0e-09    2
   85  +3.4860e+00  4.12e-04  9.99e-09  4.31e-13  4.12e-04  2.00e-07    2.0e-07 (M)  1.0000  1.0000   1  1.0e-09  1.0e-09    0
   86  +3.4860e+00  4.26e-04  9.99e-09  1.08e-12  4.26e-04  2.00e-07    2.0e-07 (M)  1.0000  1.0000   1  1.0e-09  1.0e-09    0
   87  +3.4860e+00  4.23e-04  9.99e-09  2.55e-12  4.23e-04  2.00e-07    2.0e-07 (M)  1.0000  1.0000   1  1.0e-09  1.0e-09    0
   88  +3.4860e+00  3.85e-04  9.99e-09  5.04e-12  3.85e-04  2.00e-07    2.0e-07 (M)  1.0000  1.0000   1  1.0e-09  1.0e-09    0
   89  +3.4860e+00  2.73e-04  9.99e-09  6.34e-12  2.73e-04  2.00e-07    2.0e-07 (M)  1.0000  1.0000   1  1.0e-09  1.0e-09    1
   90  +3.4860e+00  7.49e-05  9.99e-09  1.61e-12  7.49e-05  2.00e-07    2.0e-07 (M)  1.0000  1.0000   1  1.0e-09  1.0e-09    2
   91  +3.4860e+00  7.32e-04  9.99e-09  6.82e-12  7.32e-04  2.00e-07    2.0e-07 (M)  1.0000  1.0000   1  1.0e-09  1.0e-09    0
   92  +3.4860e+00  1.24e-03  9.99e-09  5.06e-11  1.24e-03  2.00e-07    2.0e-07 (M)  1.0000  1.0000   1  1.0e-09  1.0e-09    1
   93  +3.4860e+00  3.37e-04  9.99e-09  4.33e-13  3.37e-04  2.00e-07    2.0e-07 (M)  1.0000  1.0000   1  1.0e-09  1.0e-09    2
   94  +3.4860e+00  2.41e-05  9.99e-09  5.68e-14  2.41e-05  2.00e-07    2.0e-07 (M)  1.0000  1.0000   1  1.0e-09  1.0e-09    0
   95  +3.4860e+00  2.84e-05  9.99e-09  5.68e-14  2.84e-05  2.00e-07    2.0e-07 (A)  1.0000  1.0000   1  1.0e-09  1.0e-09    0
   96  +3.4860e+00  1.86e-05  9.99e-09  1.14e-13  1.86e-05  2.00e-07    2.0e-07 (M)  1.0000  1.0000   1  1.0e-09  1.0e-09    1
   97  +3.4860e+00  3.24e-06  9.99e-09  5.68e-14  3.24e-06  2.00e-07    2.0e-07 (M)  1.0000  1.0000   1  1.0e-09  1.0e-09    0

OPTIMAL (within EQTOL=1.0e-06, INEQTOL=1.0e-06, STATTOL=1.0e-05, COMPTOL=1.0e-06).
Solve time: 95.959 ms (97 iterations)

